0.00
0.10
0.20
0.31
0.40
0.50
0.61
0.71
0.81
0.91
0.92
0.82
0.72
0.61
0.51
0.41
0.31
0.20
0.10
0.00
-0.11
-0.21
-0.31
-0.41
-0.52
-0.62
-0.72
-0.82
-0.93
-1.03
-1.01
-0.91
-0.80
-0.70
-0.60
-0.50
-0.40
-0.30
-0.20
-0.09
0.01
0.11
0.21
0.31
0.41
0.51
0.61
0.71
0.81
0.92
0.92
0.81
0.71
0.61
0.50
0.40
0.30
0.20
0.09
-0.00
-0.11
-0.21
-0.31
-0.42
-0.52
-0.62
-0.72
-0.83
-0.93
-1.03
-1.01
-0.91
-0.80
-0.70
-0.60
-0.50
-0.39
-0.29
-0.19
-0.09
0.01
0.11
0.21
0.31
0.41
0.51
0.62
0.71
0.82
0.92
0.91
0.81
0.71
0.60
0.50
0.40
0.30
0.19
0.09
-0.01
-0.11
-0.22
-0.31
-0.42
-0.52
-0.62
-0.72
-0.83
-0.94
-1.03
-1.00
-0.90
-0.79
-0.70
-0.59
-0.49
-0.39
-0.29
-0.19
-0.08
0.01
0.11
0.22
0.32
0.42
0.52
0.62
0.72
0.82
0.93
0.91
0.80
0.71
0.60
0.50
0.40
0.29
0.19
0.09
-0.01
-0.12
-0.22
-0.32
-0.43
-0.53
-0.63
-0.73
-0.84
-0.94
-1.04
-1.00
-0.90
-0.79
-0.69
-0.59
-0.49
-0.38
-0.29
-0.19
-0.08
0.02
0.12
