0.03
0.19
0.34
0.49
0.62
0.73
0.83
0.90
0.96
0.98
0.98
0.96
0.90
0.83
0.73
0.62
0.48
0.33
0.18
0.02
-0.14
-0.29
-0.45
-0.59
-0.72
-0.83
-0.93
-1.00
-1.03
-1.05
-1.05
-1.03
-0.98
-0.91
-0.81
-0.69
-0.57
-0.43
-0.27
-0.12
0.04
0.20
0.35
0.49
0.62
0.74
0.83
0.90
0.96
0.98
0.98
0.95
0.90
0.82
0.73
0.61
0.47
0.33
0.18
0.01
-0.15
-0.30
-0.46
-0.60
-0.72
-0.83
-0.93
-1.00
-1.04
-1.05
-1.05
-1.03
-0.98
-0.91
-0.80
-0.69
-0.56
-0.42
-0.26
-0.11
0.05
0.21
0.36
0.50
0.63
0.74
0.83
0.91
0.96
0.98
0.97
0.95
0.90
0.82
0.72
0.60
0.47
0.32
0.17
0.01
-0.15
-0.31
-0.46
-0.60
-0.73
-0.84
-0.94
-1.00
-1.04
-1.05
-1.05
-1.03
-0.98
-0.90
-0.80
-0.68
-0.56
-0.41
-0.26
-0.10
0.05
0.22
0.36
0.50
0.63
0.74
0.84
0.91
0.96
0.98
0.97
0.95
0.90
0.82
0.72
0.60
0.46
0.32
0.16
-0.00
-0.16
-0.31
-0.47
-0.61
-0.73
-0.85
-0.94
-1.00
-1.04
-1.06
-1.05
-1.02
-0.98
-0.90
-0.79
-0.68
-0.55
-0.40
-0.25
-0.10
0.06
0.22
0.37
0.51
0.64
0.75
0.84
0.91
0.96
0.98
0.97
0.95
0.89
0.81
0.71
0.59
0.45
0.31
0.16
-0.01
-0.17
-0.32
-0.48
-0.62
-0.74
-0.85
-0.94
-1.00
-1.04
-1.06
-1.05
-1.02
-0.97
-0.89
-0.79
-0.67
