1.01
1.02
1.02
1.01
1.01
1.02
1.01
1.01
1.02
1.01
1.01
1.02
1.02
1.02
1.01
1.02
1.01
1.01
1.02
1.02
-1.07
-1.07
-1.07
-1.07
-1.07
-1.07
-1.07
-1.07
-1.07
-1.07
-1.07
-1.07
-1.07
-1.07
-1.07
-1.07
-1.07
-1.07
-1.07
-1.07
1.01
1.02
1.02
1.01
1.01
1.02
1.02
1.01
1.02
1.02
1.01
1.02
1.02
1.01
1.01
1.02
1.02
1.01
1.02
1.02
-1.07
-1.07
-1.07
-1.07
-1.07
-1.07
-1.07
-1.07
-1.07
-1.07
-1.07
-1.07
-1.07
-1.07
-1.07
-1.07
-1.07
-1.07
-1.07
-1.07
1.01
1.02
1.02
1.01
1.01
1.02
1.02
1.01
1.02
1.02
1.01
1.02
1.02
1.01
1.02
1.02
1.02
1.01
1.02
1.02
-1.07
-1.07
-1.07
-1.07
-1.07
-1.07
-1.07
-1.07
-1.07
-1.07
-1.07
-1.07
-1.07
-1.07
-1.07
-1.07
-1.07
-1.07
-1.07
-1.07
1.01
1.02
1.02
1.02
1.01
1.02
1.02
1.01
1.02
1.02
1.01
1.02
1.02
1.02
1.01
1.02
1.01
1.01
1.02
1.02
-1.07
-1.07
-1.07
-1.07
-1.07
-1.07
-1.07
-1.07
-1.07
-1.07
-1.07
-1.07
-1.07
-1.07
-1.07
-1.07
-1.07
-1.07
-1.07
-1.07
1.01
1.02
1.02
1.01
1.01
1.02
1.02
1.01
1.02
1.01
1.01
1.02
1.02
1.01
1.01
1.02
1.02
1.01
1.02
1.02
-1.07
-1.07
-1.07
-1.07
-1.07
-1.07
-1.07
-1.07
-1.07
-1.07
-1.07
-1.07
-1.07
-1.07
-1.07
-1.07
